MarkerName	meta_OR	meta_SE	WHIHA_OR	WHIHA_SE
rs4846913	-0.0595631	0.0137928	0.001812	0.02433
rs676210	-0.0502514	0.0168684	-0.06118	0.0283
rs72935332	-0.46306	0.0898322	-0.1769	0.1357
rs465983	-0.0574167	0.0120244	-0.02727	0.02837
rs4711750	0.0349005	0.0117133	0.09504	0.02428
rs2315129	0.0642326	0.0140149	0.04434	0.02478
rs2691595	0.00301647	0.0111758	0.03947	0.02505
rs3211938	-0.281884	0.0643975	-0.1785	0.1631
rs6973807	-0.0576389	0.0163339	-0.09715	0.02552
rs4841132	-0.129138	0.0131711	-0.1029	0.03177
rs3208305	-0.0889201	0.0141671	-0.08232	0.02616
rs2980888	-0.0134606	0.0195441	-0.04418	0.02926
rs540885	-0.0709743	0.0194634	-0.03428	0.04176
rs9282541	0.247719	0.0337102	NA	NA
rs10838724	0.0245398	0.0113628	0.04414	0.02721
rs188287950	-0.362494	0.0470589	-0.491	0.08705
rs10773049	-0.0396639	0.0150234	-0.06559	0.02453
rs141866277	0.138962	0.0465976	0.06424	0.07204
rs7350789	-0.0969125	0.00919843	-0.09405	0.02662
rs139028724	-0.115183	0.0229203	-0.0335	0.05502
rs181787486	-0.290846	0.0810082	-0.4215	0.2339
rs247617	-0.253966	0.0254944	-0.2152	0.02642
rs37361	-0.0687143	0.0137671	-0.04763	0.02433
16:67744292:ID	-0.0781108	0.0147856	NA	NA
rs56823429	-0.0493464	0.0195642	-0.04923	0.03043
rs11653998	-0.0476877	0.0128979	-0.03084	0.02635
rs72836561	0.261274	0.0605836	0.3897	0.1679
rs9958734	-0.0842121	0.0283261	-0.02161	0.03752
rs116843064	-0.180573	0.0456979	NA	NA
rs8101801	0.0793827	0.0186924	0.0807	0.03063
rs429358	0.0747713	0.0209523	0.1062	0.04869
rs103294	-0.0623181	0.0136341	-0.08487	0.02763
rs1800961	0.0567998	0.0381416	0.1904	0.06086
