MarkerName	meta_OR	meta_SE	BioMe_OR	BioMe_SE
rs4846913	-0.0595631	0.0137928	-0.0717	0.01625
rs676210	-0.0502514	0.0168684	-0.04663	0.01902
rs72935332	-0.46306	0.0898322	-0.3765	0.115
rs465983	-0.0574167	0.0120244	-0.04931	0.01797
rs4711750	0.0349005	0.0117133	0.0251	0.0163
rs2315129	0.0642326	0.0140149	0.06122	0.01723
rs2691595	0.00301647	0.0111758	0.002259	0.01715
rs3211938	-0.281884	0.0643975	-0.2914	0.05757
rs6973807	-0.0576389	0.0163339	-0.08156	0.01705
rs4841132	-0.129138	0.0131711	-0.1227	0.02176
rs3208305	-0.0889201	0.0141671	-0.07716	0.01668
rs2980888	-0.0134606	0.0195441	0.002133	0.01897
rs540885	-0.0709743	0.0194634	-0.0756	0.0251
rs9282541	0.247719	0.0337102	0.2152	0.04869
rs10838724	0.0245398	0.0113628	0.02279	0.01756
rs188287950	-0.362494	0.0470589	-0.3155	0.05267
rs10773049	-0.0396639	0.0150234	-0.0317	0.01557
rs141866277	0.138962	0.0465976	0.06377	0.05052
rs7350789	-0.0969125	0.00919843	-0.09363	0.0161
rs139028724	-0.115183	0.0229203	-0.09184	0.03427
rs181787486	-0.290846	0.0810082	-0.2917	0.08373
rs247617	-0.253966	0.0254944	-0.2342	0.01711
rs37361	-0.0687143	0.0137671	-0.07289	0.01724
16:67744292:ID	-0.0781108	0.0147856	NA	NA
rs56823429	-0.0493464	0.0195642	-0.03255	0.01972
rs11653998	-0.0476877	0.0128979	-0.03599	0.01633
rs72836561	0.261274	0.0605836	0.2537	0.06048
rs9958734	-0.0842121	0.0283261	-0.07628	0.0262
rs116843064	-0.180573	0.0456979	-0.172	0.04848
rs8101801	0.0793827	0.0186924	0.05928	0.02111
rs429358	0.0747713	0.0209523	0.04625	0.02287
rs103294	-0.0623181	0.0136341	-0.0559	0.02137
rs1800961	0.0567998	0.0381416	0.04934	0.0379
