MarkerName	meta_OR	meta_SE	SOL_OR	SOL_SE
rs4846913	-0.0595631	0.0137928	-0.02533	0.01336
rs676210	-0.0502514	0.0168684	-0.08532	0.01516
rs72935332	-0.46306	0.0898322	NA	NA
rs465983	-0.0574167	0.0120244	NA	NA
rs4711750	0.0349005	0.0117133	0.03777	0.01327
rs2315129	0.0642326	0.0140149	0.0442	0.01422
rs2691595	0.00301647	0.0111758	0.03412	0.01325
rs3211938	-0.281884	0.0643975	-0.1531	0.06182
rs6973807	-0.0576389	0.0163339	NA	NA
rs4841132	-0.129138	0.0131711	-0.139	0.01659
rs3208305	-0.0889201	0.0141671	-0.1346	0.01407
rs2980888	-0.0134606	0.0195441	NA	NA
rs540885	-0.0709743	0.0194634	-0.05338	0.02193
rs9282541	0.247719	0.0337102	0.2864	0.0452
rs10838724	0.0245398	0.0113628	0.04016	0.01312
rs188287950	-0.362494	0.0470589	-0.3142	0.03178
rs10773049	-0.0396639	0.0150234	-0.03082	0.01293
rs141866277	0.138962	0.0465976	0.1441	0.04095
rs7350789	-0.0969125	0.00919843	-0.097	0.01353
rs139028724	-0.115183	0.0229203	-0.05736	0.0216
rs181787486	-0.290846	0.0810082	-0.3291	0.09492
rs247617	-0.253966	0.0254944	NA	NA
rs37361	-0.0687143	0.0137671	NA	NA
16:67744292:ID	-0.0781108	0.0147856	NA	NA
rs56823429	-0.0493464	0.0195642	-0.0683	0.01681
rs11653998	-0.0476877	0.0128979	-0.04725	0.01296
rs72836561	0.261274	0.0605836	NA	NA
rs9958734	-0.0842121	0.0283261	-0.1141	0.01953
rs116843064	-0.180573	0.0456979	-0.1496	0.04875
rs8101801	0.0793827	0.0186924	0.1254	0.01636
rs429358	0.0747713	0.0209523	0.1361	0.01959
rs103294	-0.0623181	0.0136341	-0.05729	0.01563
rs1800961	0.0567998	0.0381416	NA	NA
