MarkerName	meta_OR	meta_SE	MVP_OR	MVP_SE
rs4846913	-0.0595631	0.0137928	-0.03243	0.009053
rs676210	-0.0502514	0.0168684	-0.04668	0.01054
rs72935332	-0.46306	0.0898322	0.00154	0.04713
rs465983	-0.0574167	0.0120244	-0.03968	0.01092
rs4711750	0.0349005	0.0117133	0.04614	0.009268
rs2315129	0.0642326	0.0140149	0.03027	0.00937
rs2691595	0.00301647	0.0111758	0.05321	0.009771
rs3211938	-0.281884	0.0643975	-0.1149	0.05441
rs6973807	-0.0576389	0.0163339	-0.02754	0.009709
rs4841132	-0.129138	0.0131711	-0.1096	0.01211
rs3208305	-0.0889201	0.0141671	-0.1107	0.009824
rs2980888	-0.0134606	0.0195441	-0.05423	0.01044
rs540885	-0.0709743	0.0194634	-0.06124	0.01558
rs9282541	0.247719	0.0337102	0.2582	0.02191
rs10838724	0.0245398	0.0113628	0.0406	0.009778
rs188287950	-0.362494	0.0470589	-0.1906	0.02359
rs10773049	-0.0396639	0.0150234	-0.05094	0.009162
rs141866277	0.138962	0.0465976	0.1554	0.03219
rs7350789	-0.0969125	0.00919843	-0.09357	0.009978
rs139028724	-0.115183	0.0229203	-0.04707	0.02045
rs181787486	-0.290846	0.0810082	-0.2625	0.08563
rs247617	-0.253966	0.0254944	-0.2282	0.009859
rs37361	-0.0687143	0.0137671	-0.02679	0.009674
16:67744292:ID	-0.0781108	0.0147856	NA	NA
rs56823429	-0.0493464	0.0195642	-0.04156	0.01164
rs11653998	-0.0476877	0.0128979	-0.03832	0.009152
rs72836561	0.261274	0.0605836	0.2515	0.03645
rs9958734	-0.0842121	0.0283261	-0.06885	0.01421
rs116843064	-0.180573	0.0456979	-0.2594	0.03489
rs8101801	0.0793827	0.0186924	0.0685	0.01129
rs429358	0.0747713	0.0209523	0.1057	0.01416
rs103294	-0.0623181	0.0136341	-0.04928	0.01067
rs1800961	0.0567998	0.0381416	0.1036	0.02402
