MarkerName	meta_OR	meta_SE	SIGMA_OR	SIGMA_SE
rs4846913	-0.0595631	0.0137928	NA	NA
rs676210	-0.0502514	0.0168684	NA	NA
rs72935332	-0.46306	0.0898322	NA	NA
rs465983	-0.0574167	0.0120244	NA	NA
rs4711750	0.0349005	0.0117133	NA	NA
rs2315129	0.0642326	0.0140149	NA	NA
rs2691595	0.00301647	0.0111758	NA	NA
rs3211938	-0.281884	0.0643975	NA	NA
rs6973807	-0.0576389	0.0163339	NA	NA
rs4841132	-0.129138	0.0131711	NA	NA
rs3208305	-0.0889201	0.0141671	NA	NA
rs2980888	-0.0134606	0.0195441	NA	NA
rs540885	-0.0709743	0.0194634	NA	NA
rs9282541	0.247719	0.0337102	NA	NA
rs10838724	0.0245398	0.0113628	NA	NA
rs188287950	-0.362494	0.0470589	NA	NA
rs10773049	-0.0396639	0.0150234	NA	NA
rs141866277	0.138962	0.0465976	NA	NA
rs7350789	-0.0969125	0.00919843	NA	NA
rs139028724	-0.115183	0.0229203	NA	NA
rs181787486	-0.290846	0.0810082	NA	NA
rs247617	-0.253966	0.0254944	NA	NA
rs37361	-0.0687143	0.0137671	NA	NA
16:67744292:ID	-0.0781108	0.0147856	NA	NA
rs56823429	-0.0493464	0.0195642	NA	NA
rs11653998	-0.0476877	0.0128979	NA	NA
rs72836561	0.261274	0.0605836	NA	NA
rs9958734	-0.0842121	0.0283261	NA	NA
rs116843064	-0.180573	0.0456979	NA	NA
rs8101801	0.0793827	0.0186924	NA	NA
rs429358	0.0747713	0.0209523	NA	NA
rs103294	-0.0623181	0.0136341	NA	NA
rs1800961	0.0567998	0.0381416	NA	NA
