MarkerName	meta_OR	meta_SE	IRAS_OR	IRAS_SE
rs11591147	0.542385	0.0947564	NA	NA
rs4915853	-0.0129782	0.0130217	-0.01428	0.1134
rs12740374	0.16082	0.022145	0.2334	0.1341
rs183475942	183.946	37.364	NA	NA
rs6703630	0.0856584	0.0110981	0.1036	0.1445
rs668948	-0.119153	0.0185036	-0.1562	0.1491
rs4665972	0.0424055	0.0178112	-0.006339	0.1098
rs4245791	0.0935465	0.0156645	0.05904	0.1388
rs12916	-0.0699837	0.0167997	-0.1023	0.1039
rs17206182	-0.0801393	0.0205498	NA	NA
rs58458113	0.0637754	0.0170039	0.1626	0.113
rs7012814	-0.0341249	0.0128319	0.06816	0.1191
rs2001846	0.0320061	0.0156142	-0.1278	0.1105
rs188402952	223.927	39.9875	NA	NA
9:136141870	-0.100336	0.0180315	NA	NA
rs174530	0.0622514	0.0135136	0.1033	0.1131
rs2264778	-0.0498686	0.0141911	-0.0252	0.1167
rs217181	0.0276072	0.0216834	0.1399	0.1158
rs114846969	0.206538	0.0250544	0.3573	0.1813
rs57915152	0.113263	0.0342917	0.3231	0.2469
rs7412	0.438858	0.0583996	0.2914	0.2695
rs838147	0.055885	0.0106728	0.251	0.1097
