MarkerName	meta_OR	meta_SE	IRAS_1_OR	IRAS_1_SE
rs11591147	0.542385	0.0947564	0.7892	0.3008
rs4915853	-0.0129782	0.0130217	-0.04137	0.05005
rs12740374	0.16082	0.022145	0.1171	0.05524
rs183475942	183.946	37.364	NA	NA
rs6703630	0.0856584	0.0110981	0.09515	0.07082
rs668948	-0.119153	0.0185036	-0.2323	0.06341
rs4665972	0.0424055	0.0178112	-0.001778	0.05185
rs4245791	0.0935465	0.0156645	-0.02211	0.05905
rs12916	-0.0699837	0.0167997	-0.1554	0.04915
rs17206182	-0.0801393	0.0205498	NA	NA
rs58458113	0.0637754	0.0170039	0.08985	0.05088
rs7012814	-0.0341249	0.0128319	-0.0896	0.048
rs2001846	0.0320061	0.0156142	0.07753	0.04705
rs188402952	223.927	39.9875	NA	NA
9:136141870	-0.100336	0.0180315	NA	NA
rs174530	0.0622514	0.0135136	0.04585	0.0487
rs2264778	-0.0498686	0.0141911	-0.05921	0.05137
rs217181	0.0276072	0.0216834	0.01072	0.05
rs114846969	0.206538	0.0250544	0.2456	0.07924
rs57915152	0.113263	0.0342917	-0.0505	0.1048
rs7412	0.438858	0.0583996	0.5514	0.1224
rs838147	0.055885	0.0106728	0.09882	0.05234
