MarkerName	meta_OR	meta_SE	MVP_OR	MVP_SE
rs11591147	0.542385	0.0947564	0.4385	0.04626
rs4915853	-0.0129782	0.0130217	-0.03627	0.009147
rs12740374	0.16082	0.022145	0.1807	0.01093
rs183475942	183.946	37.364	-0.1834	0.167
rs6703630	0.0856584	0.0110981	0.02417	0.01237
rs668948	-0.119153	0.0185036	-0.1099	0.01107
rs4665972	0.0424055	0.0178112	0.04569	0.01014
rs4245791	0.0935465	0.0156645	0.06749	0.01077
rs12916	-0.0699837	0.0167997	-0.08629	0.009212
rs17206182	-0.0801393	0.0205498	-0.07045	0.0144
rs58458113	0.0637754	0.0170039	0.05349	0.01027
rs7012814	-0.0341249	0.0128319	-0.04333	0.009482
rs2001846	0.0320061	0.0156142	0.06432	0.009111
rs188402952	223.927	39.9875	-0.4384	0.2454
9:136141870	-0.100336	0.0180315	NA	NA
rs174530	0.0622514	0.0135136	NA	NA
rs2264778	-0.0498686	0.0141911	-0.03838	0.009683
rs217181	0.0276072	0.0216834	0.06178	0.0104
rs114846969	0.206538	0.0250544	0.2206	0.01465
rs57915152	0.113263	0.0342917	0.1589	0.02712
rs7412	0.438858	0.0583996	0.4591	0.02086
rs838147	0.055885	0.0106728	0.03136	0.009478
