MarkerName	meta_OR	meta_SE	MESA_OR	MESA_SE
rs11591147	0.542385	0.0947564	NA	NA
rs4915853	-0.0129782	0.0130217	NA	NA
rs12740374	0.16082	0.022145	NA	NA
rs183475942	183.946	37.364	NA	NA
rs6703630	0.0856584	0.0110981	NA	NA
rs668948	-0.119153	0.0185036	NA	NA
rs4665972	0.0424055	0.0178112	NA	NA
rs4245791	0.0935465	0.0156645	NA	NA
rs12916	-0.0699837	0.0167997	NA	NA
rs17206182	-0.0801393	0.0205498	NA	NA
rs58458113	0.0637754	0.0170039	NA	NA
rs7012814	-0.0341249	0.0128319	NA	NA
rs2001846	0.0320061	0.0156142	NA	NA
rs188402952	223.927	39.9875	NA	NA
9:136141870	-0.100336	0.0180315	NA	NA
rs174530	0.0622514	0.0135136	NA	NA
rs2264778	-0.0498686	0.0141911	NA	NA
rs217181	0.0276072	0.0216834	NA	NA
rs114846969	0.206538	0.0250544	NA	NA
rs57915152	0.113263	0.0342917	NA	NA
rs7412	0.438858	0.0583996	NA	NA
rs838147	0.055885	0.0106728	NA	NA
