MarkerName	meta_OR	meta_SE	SOL_OR	SOL_SE
rs11591147	0.542385	0.0947564	0.6743	0.07438
rs4915853	-0.0129782	0.0130217	-0.04801	0.01316
rs12740374	0.16082	0.022145	0.2228	0.01577
rs183475942	183.946	37.364	-0.1215	0.1395
rs6703630	0.0856584	0.0110981	0.03684	0.01751
rs668948	-0.119153	0.0185036	-0.1543	0.01628
rs4665972	0.0424055	0.0178112	0.06579	0.01426
rs4245791	0.0935465	0.0156645	0.1052	0.0164
rs12916	-0.0699837	0.0167997	-0.08372	0.01334
rs17206182	-0.0801393	0.0205498	NA	NA
rs58458113	0.0637754	0.0170039	0.07159	0.01517
rs7012814	-0.0341249	0.0128319	-0.02809	0.01281
rs2001846	0.0320061	0.0156142	0.07739	0.01316
rs188402952	223.927	39.9875	-0.4111	0.273
9:136141870	-0.100336	0.0180315	NA	NA
rs174530	0.0622514	0.0135136	0.07756	0.01461
rs2264778	-0.0498686	0.0141911	-0.04049	0.01353
rs217181	0.0276072	0.0216834	0.08573	0.01436
rs114846969	0.206538	0.0250544	0.231	0.02186
rs57915152	0.113263	0.0342917	0.1663	0.02733
rs7412	0.438858	0.0583996	0.5701	0.0308
rs838147	0.055885	0.0106728	0.03781	0.01451
