MarkerName	meta_OR	meta_SE	BioMe_OR	BioMe_SE
rs11591147	0.542385	0.0947564	0.5276	0.08062
rs4915853	-0.0129782	0.0130217	0.001391	0.01652
rs12740374	0.16082	0.022145	0.1279	0.01861
rs183475942	183.946	37.364	NA	NA
rs6703630	0.0856584	0.0110981	0.0908	0.02115
rs668948	-0.119153	0.0185036	-0.09899	0.01782
rs4665972	0.0424055	0.0178112	0.04533	0.01803
rs4245791	0.0935465	0.0156645	0.1092	0.01905
rs12916	-0.0699837	0.0167997	-0.05493	0.01668
rs17206182	-0.0801393	0.0205498	-0.07267	0.0263
rs58458113	0.0637754	0.0170039	0.03288	0.02056
rs7012814	-0.0341249	0.0128319	-0.02184	0.01692
rs2001846	0.0320061	0.0156142	0.0117	0.017
rs188402952	223.927	39.9875	NA	NA
9:136141870	-0.100336	0.0180315	NA	NA
rs174530	0.0622514	0.0135136	0.05582	0.01772
rs2264778	-0.0498686	0.0141911	-0.06594	0.01674
rs217181	0.0276072	0.0216834	-0.0126	0.01952
rs114846969	0.206538	0.0250544	0.1971	0.02534
rs57915152	0.113263	0.0342917	0.07395	0.04203
rs7412	0.438858	0.0583996	0.3874	0.03545
rs838147	0.055885	0.0106728	0.04983	0.01697
