MarkerName	meta_OR	meta_SE	WHIHA_OR	WHIHA_SE
rs11591147	0.542385	0.0947564	0.804	0.2052
rs4915853	-0.0129782	0.0130217	-0.1033	0.02487
rs12740374	0.16082	0.022145	0.1698	0.02997
rs183475942	183.946	37.364	-0.02926	0.2785
rs6703630	0.0856584	0.0110981	0.03923	0.03356
rs668948	-0.119153	0.0185036	-0.1082	0.03097
rs4665972	0.0424055	0.0178112	0.02433	0.0269
rs4245791	0.0935465	0.0156645	0.08871	0.0292
rs12916	-0.0699837	0.0167997	-0.07405	0.02491
rs17206182	-0.0801393	0.0205498	NA	NA
rs58458113	0.0637754	0.0170039	0.09795	0.02784
rs7012814	-0.0341249	0.0128319	-0.06553	0.02427
rs2001846	0.0320061	0.0156142	0.02187	0.02457
rs188402952	223.927	39.9875	-0.1014	0.4649
9:136141870	-0.100336	0.0180315	NA	NA
rs174530	0.0622514	0.0135136	0.0981	0.02435
rs2264778	-0.0498686	0.0141911	-0.03734	0.02544
rs217181	0.0276072	0.0216834	0.05767	0.02618
rs114846969	0.206538	0.0250544	0.2064	0.056
rs57915152	0.113263	0.0342917	0.1219	0.06145
rs7412	0.438858	0.0583996	NA	NA
rs838147	0.055885	0.0106728	0.02848	0.02754
