MarkerName	meta_OR	meta_SE	BioMe_OR	BioMe_SE
rs11591147	0.514124	0.102036	0.4851	0.07995
rs636523	0.0541235	0.0101363	0.04361	0.01649
rs12740374	0.127272	0.0201088	0.1017	0.01825
rs183475942	186.009	16.8151	NA	NA
rs6703630	0.0870267	0.0103838	0.09149	0.0208
rs581411	-0.109848	0.0170525	-0.09202	0.01732
rs111772568	0.0417824	0.0199019	0.04996	0.02681
rs1260326	0.0782228	0.018806	0.0656	0.0174
rs4299376	0.0728276	0.0133591	0.07637	0.0184
rs7614016	0.0166659	0.0153451	0.006571	0.01942
rs12916	-0.0652208	0.0142741	-0.05235	0.01628
rs12517431	-0.0452198	0.0103081	-0.04415	0.01635
rs35998847	-0.0859231	0.0225603	-0.07297	0.02519
rs1867348	0.0954721	0.0172917	0.09119	0.02497
rs983309	-0.0618386	0.0183115	-0.05369	0.01897
rs2001846	0.0599546	0.017534	0.0293	0.01664
rs9282541	0.116028	0.0323922	0.1011	0.0485
9:136141870	-0.0875833	0.0214498	NA	NA
rs174554	0.0565403	0.0143442	0.05266	0.01744
rs964184	0.0647204	0.0214497	0.0422	0.01866
rs597808	-0.014286	0.0169021	-0.006669	0.01817
rs2043082	-0.0471801	0.0138691	-0.06206	0.0166
rs11076175	0.0518997	0.0156005	0.03103	0.01842
rs217181	0.0223816	0.0207076	-0.01396	0.01905
rs9958734	-0.016224	0.0207683	-0.0122	0.02601
rs114846969	0.163951	0.0189695	0.1608	0.02484
rs2074304	0.120876	0.0274214	0.09185	0.04101
rs7412	0.264312	0.043453	0.2375	0.03464
rs3747207	0.066402	0.0202034	0.06901	0.01702
