MarkerName	meta_OR	meta_SE	IRAS_OR	IRAS_SE
rs11591147	0.514124	0.102036	NA	NA
rs636523	0.0541235	0.0101363	-0.04172	0.1095
rs12740374	0.127272	0.0201088	0.205	0.132
rs183475942	186.009	16.8151	NA	NA
rs6703630	0.0870267	0.0103838	0.06483	0.1443
rs581411	-0.109848	0.0170525	-0.1595	0.144
rs111772568	0.0417824	0.0199019	-0.5352	0.3586
rs1260326	0.0782228	0.018806	0.08349	0.1066
rs4299376	0.0728276	0.0133591	0.1421	0.1301
rs7614016	0.0166659	0.0153451	0.1746	0.1361
rs12916	-0.0652208	0.0142741	-0.04968	0.102
rs12517431	-0.0452198	0.0103081	-0.02973	0.1145
rs35998847	-0.0859231	0.0225603	NA	NA
rs1867348	0.0954721	0.0172917	0.06989	0.1183
rs983309	-0.0618386	0.0183115	-0.18	0.1283
rs2001846	0.0599546	0.017534	-0.04553	0.1091
rs9282541	0.116028	0.0323922	NA	NA
9:136141870	-0.0875833	0.0214498	NA	NA
rs174554	0.0565403	0.0143442	0.06222	0.1121
rs964184	0.0647204	0.0214497	-0.1429	0.128
rs597808	-0.014286	0.0169021	-0.2674	0.1239
rs2043082	-0.0471801	0.0138691	-0.1497	0.1142
rs11076175	0.0518997	0.0156005	0.06516	0.125
rs217181	0.0223816	0.0207076	0.1135	0.1144
rs9958734	-0.016224	0.0207683	-0.001277	0.1505
rs114846969	0.163951	0.0189695	0.347	0.1778
rs2074304	0.120876	0.0274214	0.4652	0.264
rs7412	0.264312	0.043453	0.2634	0.268
rs3747207	0.066402	0.0202034	0.2985	0.1019
