MarkerName	meta_OR	meta_SE	IRAS_1_OR	IRAS_1_SE
rs11591147	0.514124	0.102036	0.8861	0.2997
rs636523	0.0541235	0.0101363	0.04167	0.05037
rs12740374	0.127272	0.0201088	0.1206	0.05473
rs183475942	186.009	16.8151	NA	NA
rs6703630	0.0870267	0.0103838	0.1344	0.07013
rs581411	-0.109848	0.0170525	-0.2069	0.06201
rs111772568	0.0417824	0.0199019	-0.2057	0.2106
rs1260326	0.0782228	0.018806	0.0498	0.05078
rs4299376	0.0728276	0.0133591	0.03536	0.05708
rs7614016	0.0166659	0.0153451	-0.0176	0.05671
rs12916	-0.0652208	0.0142741	-0.07432	0.049
rs12517431	-0.0452198	0.0103081	-0.03832	0.05699
rs35998847	-0.0859231	0.0225603	NA	NA
rs1867348	0.0954721	0.0172917	0.1359	0.05153
rs983309	-0.0618386	0.0183115	-0.05683	0.05815
rs2001846	0.0599546	0.017534	0.1445	0.04664
rs9282541	0.116028	0.0323922	-0.2896	0.2441
9:136141870	-0.0875833	0.0214498	NA	NA
rs174554	0.0565403	0.0143442	0.02273	0.04802
rs964184	0.0647204	0.0214497	0.156	0.05801
rs597808	-0.014286	0.0169021	-0.04343	0.05324
rs2043082	-0.0471801	0.0138691	0.03986	0.05288
rs11076175	0.0518997	0.0156005	0.2132	0.06267
rs217181	0.0223816	0.0207076	0.02632	0.04972
rs9958734	-0.016224	0.0207683	0.0303	0.07254
rs114846969	0.163951	0.0189695	0.2023	0.07856
rs2074304	0.120876	0.0274214	0.08175	0.1135
rs7412	0.264312	0.043453	0.349	0.1215
rs3747207	0.066402	0.0202034	0.05996	0.04797
