MarkerName	meta_OR	meta_SE	MVP_OR	MVP_SE
rs11591147	0.514124	0.102036	0.3616	0.04628
rs636523	0.0541235	0.0101363	0.07785	0.00993
rs12740374	0.127272	0.0201088	0.1501	0.01095
rs183475942	186.009	16.8151	-0.3817	0.1686
rs6703630	0.0870267	0.0103838	0.02099	0.01237
rs581411	-0.109848	0.0170525	-0.09607	0.01078
rs111772568	0.0417824	0.0199019	0.0791	0.02142
rs1260326	0.0782228	0.018806	0.08547	0.009361
rs4299376	0.0728276	0.0133591	0.05087	0.01074
rs7614016	0.0166659	0.0153451	0.0489	0.01046
rs12916	-0.0652208	0.0142741	-0.07048	0.009218
rs12517431	-0.0452198	0.0103081	-0.04024	0.009729
rs35998847	-0.0859231	0.0225603	-0.06257	0.0142
rs1867348	0.0954721	0.0172917	0.05908	0.01132
rs983309	-0.0618386	0.0183115	-0.04881	0.01106
rs2001846	0.0599546	0.017534	0.08001	0.009108
rs9282541	0.116028	0.0323922	0.1477	0.02154
9:136141870	-0.0875833	0.0214498	NA	NA
rs174554	0.0565403	0.0143442	NA	NA
rs964184	0.0647204	0.0214497	0.1024	0.01033
rs597808	-0.014286	0.0169021	-0.04578	0.009715
rs2043082	-0.0471801	0.0138691	-0.04653	0.01004
rs11076175	0.0518997	0.0156005	0.07406	0.01105
rs217181	0.0223816	0.0207076	0.05882	0.01039
rs9958734	-0.016224	0.0207683	-0.06541	0.01392
rs114846969	0.163951	0.0189695	0.1723	0.01467
rs2074304	0.120876	0.0274214	0.219	0.02722
rs7412	0.264312	0.043453	0.226	0.02103
rs3747207	0.066402	0.0202034	0.04037	0.009007
