MarkerName	meta_OR	meta_SE	SOL_OR	SOL_SE
rs11591147	0.514124	0.102036	0.5802	0.07319
rs636523	0.0541235	0.0101363	0.08616	0.01336
rs12740374	0.127272	0.0201088	0.181	0.01567
rs183475942	186.009	16.8151	-0.04881	0.1392
rs6703630	0.0870267	0.0103838	0.03402	0.01737
rs581411	-0.109848	0.0170525	-0.133	0.01602
rs111772568	0.0417824	0.0199019	0.1095	0.02911
rs1260326	0.0782228	0.018806	0.1044	0.01384
rs4299376	0.0728276	0.0133591	NA	NA
rs7614016	0.0166659	0.0153451	0.04784	0.0153
rs12916	-0.0652208	0.0142741	-0.08604	0.01321
rs12517431	-0.0452198	0.0103081	-0.05628	0.01459
rs35998847	-0.0859231	0.0225603	-0.1064	0.01983
rs1867348	0.0954721	0.0172917	0.0704	0.01758
rs983309	-0.0618386	0.0183115	-0.05502	0.0155
rs2001846	0.0599546	0.017534	0.08383	0.01301
rs9282541	0.116028	0.0323922	0.1453	0.04528
9:136141870	-0.0875833	0.0214498	NA	NA
rs174554	0.0565403	0.0143442	0.05997	0.01467
rs964184	0.0647204	0.0214497	NA	NA
rs597808	-0.014286	0.0169021	-0.04743	0.01549
rs2043082	-0.0471801	0.0138691	NA	NA
rs11076175	0.0518997	0.0156005	0.05356	0.01548
rs217181	0.0223816	0.0207076	0.07939	0.01422
rs9958734	-0.016224	0.0207683	-0.08106	0.01955
rs114846969	0.163951	0.0189695	0.1897	0.02164
rs2074304	0.120876	0.0274214	0.2233	0.0278
rs7412	0.264312	0.043453	0.3803	0.03062
rs3747207	0.066402	0.0202034	NA	NA
