MarkerName	meta_OR	meta_SE	WHIHA_OR	WHIHA_SE
rs11591147	0.514124	0.102036	0.8362	0.2052
rs636523	0.0541235	0.0101363	0.1114	0.02585
rs12740374	0.127272	0.0201088	0.1407	0.03001
rs183475942	186.009	16.8151	-0.1575	0.2785
rs6703630	0.0870267	0.0103838	0.04942	0.03351
rs581411	-0.109848	0.0170525	-0.09259	0.03005
rs111772568	0.0417824	0.0199019	0.1158	0.06409
rs1260326	0.0782228	0.018806	0.08393	0.02581
rs4299376	0.0728276	0.0133591	0.07994	0.02913
rs7614016	0.0166659	0.0153451	0.007887	0.02813
rs12916	-0.0652208	0.0142741	-0.0781	0.0249
rs12517431	-0.0452198	0.0103081	-0.09022	0.02703
rs35998847	-0.0859231	0.0225603	NA	NA
rs1867348	0.0954721	0.0172917	0.1274	0.03092
rs983309	-0.0618386	0.0183115	-0.1228	0.03029
rs2001846	0.0599546	0.017534	0.0299	0.02456
rs9282541	0.116028	0.0323922	NA	NA
9:136141870	-0.0875833	0.0214498	NA	NA
rs174554	0.0565403	0.0143442	0.09776	0.02362
rs964184	0.0647204	0.0214497	0.1007	0.02794
rs597808	-0.014286	0.0169021	-0.05531	0.02802
rs2043082	-0.0471801	0.0138691	-0.05902	0.02668
rs11076175	0.0518997	0.0156005	0.1379	0.03412
rs217181	0.0223816	0.0207076	0.05475	0.02616
rs9958734	-0.016224	0.0207683	-0.04731	0.03751
rs114846969	0.163951	0.0189695	0.1969	0.05601
rs2074304	0.120876	0.0274214	0.1386	0.06426
rs7412	0.264312	0.043453	NA	NA
rs3747207	0.066402	0.0202034	0.1116	0.02486
