MarkerName	meta_OR	meta_SE	BioMe_OR	BioMe_SE
rs11208004	0.0907147	0.0112036	0.08487	0.01673
rs4631704	0.049186	0.0156359	0.04779	0.01602
rs676210	0.0878739	0.0138539	0.08505	0.01887
rs1260326	0.10518	0.0212529	0.0789	0.01731
rs78343493	0.0620741	0.0225345	0.07392	0.02353
5:55860907:ID	-0.0561082	0.0213957	NA	NA
rs9715911	-0.0402321	0.0156058	-0.04306	0.01627
rs78117460	-0.0542937	0.0178407	-0.03929	0.01881
rs6905288	-0.0373784	0.0103844	-0.01891	0.01548
rs13247874	0.100657	0.0224686	0.08912	0.02523
rs34748838	0.0640601	0.01809	0.06987	0.0175
rs11780610	0.0393464	0.0102398	0.04331	0.01629
rs328	0.203214	0.0275759	0.1837	0.02859
8:26789596:ID	-0.472889	0.0855248	NA	NA
rs2954038	0.0526235	0.0192865	0.03979	0.01877
rs143113228	-113.59	78.886	NA	NA
rs185108792	-151.965	61.768	NA	NA
rs7084569	0.0619236	0.0130047	0.05801	0.01657
rs99780	-0.0292935	0.0126968	-0.01768	0.01605
rs1506488	-0.0178406	0.015407	-0.01607	0.01819
rs964184	0.206139	0.0317127	0.1548	0.01861
rs147233090	-0.232838	0.0361362	-0.226	0.0505
rs12923459	-0.0154526	0.0111289	-0.01275	0.01549
rs12443634	0.0478519	0.0129123	0.0485	0.01892
16:89973842	-0.151265	0.0255512	NA	NA
rs77697917	-0.239154	0.0452656	-0.2373	0.06587
rs8178824	0.113776	0.030685	0.1226	0.04545
rs116843064	0.218129	0.0423699	0.2502	0.04816
rs57915152	0.14479	0.0336186	0.1208	0.04068
rs438811	-0.0382429	0.0127793	-0.02121	0.01882
rs738409	0.0348979	0.0141367	0.03557	0.01683
