MarkerName	meta_OR	meta_SE	IRAS_OR	IRAS_SE
rs11208004	0.0907147	0.0112036	0.04671	0.1118
rs4631704	0.049186	0.0156359	0.01574	0.1275
rs676210	0.0878739	0.0138539	0.2497	0.1089
rs1260326	0.10518	0.0212529	0.139	0.1069
rs78343493	0.0620741	0.0225345	-0.2265	0.1896
5:55860907:ID	-0.0561082	0.0213957	NA	NA
rs9715911	-0.0402321	0.0156058	0.005118	0.115
rs78117460	-0.0542937	0.0178407	NA	NA
rs6905288	-0.0373784	0.0103844	-0.02096	0.1191
rs13247874	0.100657	0.0224686	0.2471	0.2074
rs34748838	0.0640601	0.01809	0.238	0.1171
rs11780610	0.0393464	0.0102398	0.009121	0.1033
rs328	0.203214	0.0275759	0.541	0.2016
8:26789596:ID	-0.472889	0.0855248	NA	NA
rs2954038	0.0526235	0.0192865	0.2065	0.1268
rs143113228	-113.59	78.886	NA	NA
rs185108792	-151.965	61.768	NA	NA
rs7084569	0.0619236	0.0130047	0.04556	0.1103
rs99780	-0.0292935	0.0126968	-0.04506	0.1121
rs1506488	-0.0178406	0.015407	0.06997	0.111
rs964184	0.206139	0.0317127	0.009383	0.1288
rs147233090	-0.232838	0.0361362	-0.3671	0.2777
rs12923459	-0.0154526	0.0111289	0.000424	0.1133
rs12443634	0.0478519	0.0129123	0.03686	0.1482
16:89973842	-0.151265	0.0255512	NA	NA
rs77697917	-0.239154	0.0452656	NA	NA
rs8178824	0.113776	0.030685	0.0308	0.2494
rs116843064	0.218129	0.0423699	0.2831	0.4181
rs57915152	0.14479	0.0336186	0.2589	0.2471
rs438811	-0.0382429	0.0127793	-0.2078	0.1687
rs738409	0.0348979	0.0141367	0.27	0.1026
