MarkerName	meta_OR	meta_SE	IRAS_1_OR	IRAS_1_SE
rs11208004	0.0907147	0.0112036	0.1024	0.05082
rs4631704	0.049186	0.0156359	0.08174	0.0511
rs676210	0.0878739	0.0138539	0.1174	0.05447
rs1260326	0.10518	0.0212529	0.141	0.05074
rs78343493	0.0620741	0.0225345	-0.015	0.096
5:55860907:ID	-0.0561082	0.0213957	NA	NA
rs9715911	-0.0402321	0.0156058	-0.002022	0.05669
rs78117460	-0.0542937	0.0178407	NA	NA
rs6905288	-0.0373784	0.0103844	-0.1005	0.04944
rs13247874	0.100657	0.0224686	0.1062	0.07688
rs34748838	0.0640601	0.01809	0.05753	0.04959
rs11780610	0.0393464	0.0102398	0.05892	0.04996
rs328	0.203214	0.0275759	0.0771	0.09461
8:26789596:ID	-0.472889	0.0855248	NA	NA
rs2954038	0.0526235	0.0192865	0.03559	0.05457
rs143113228	-113.59	78.886	NA	NA
rs185108792	-151.965	61.768	NA	NA
rs7084569	0.0619236	0.0130047	0.07658	0.05429
rs99780	-0.0292935	0.0126968	-0.08286	0.04874
rs1506488	-0.0178406	0.015407	0.09525	0.05015
rs964184	0.206139	0.0317127	0.2702	0.05758
rs147233090	-0.232838	0.0361362	-0.1718	0.1965
rs12923459	-0.0154526	0.0111289	0.02823	0.04836
rs12443634	0.0478519	0.0129123	0.03759	0.06563
16:89973842	-0.151265	0.0255512	NA	NA
rs77697917	-0.239154	0.0452656	-0.02965	0.3937
rs8178824	0.113776	0.030685	0.03087	0.1356
rs116843064	0.218129	0.0423699	0.04498	0.1944
rs57915152	0.14479	0.0336186	0.1579	0.1043
rs438811	-0.0382429	0.0127793	-0.0268	0.06726
rs738409	0.0348979	0.0141367	0.009556	0.04802
