MarkerName	meta_OR	meta_SE	MVP_OR	MVP_SE
rs11208004	0.0907147	0.0112036	0.07047	0.009817
rs4631704	0.049186	0.0156359	0.026	0.009167
rs676210	0.0878739	0.0138539	0.03574	0.0105
rs1260326	0.10518	0.0212529	0.09252	0.009501
rs78343493	0.0620741	0.0225345	0.06468	0.01625
5:55860907:ID	-0.0561082	0.0213957	NA	NA
rs9715911	-0.0402321	0.0156058	-0.03987	0.009859
rs78117460	-0.0542937	0.0178407	NA	NA
rs6905288	-0.0373784	0.0103844	-0.04185	0.009261
rs13247874	0.100657	0.0224686	0.1288	0.01409
rs34748838	0.0640601	0.01809	0.02169	0.00943
rs11780610	0.0393464	0.0102398	0.04878	0.009167
rs328	0.203214	0.0275759	0.1932	0.01631
8:26789596:ID	-0.472889	0.0855248	NA	NA
rs2954038	0.0526235	0.0192865	0.1027	0.0104
rs143113228	-113.59	78.886	-0.1266	0.156
rs185108792	-151.965	61.768	0.2629	0.2105
rs7084569	0.0619236	0.0130047	0.03207	0.01037
rs99780	-0.0292935	0.0126968	-0.04388	0.008945
rs1506488	-0.0178406	0.015407	-0.03693	0.01027
rs964184	0.206139	0.0317127	0.2428	0.01047
rs147233090	-0.232838	0.0361362	-0.1349	0.03261
rs12923459	-0.0154526	0.0111289	-0.02818	0.009294
rs12443634	0.0478519	0.0129123	0.04393	0.0118
16:89973842	-0.151265	0.0255512	NA	NA
rs77697917	-0.239154	0.0452656	-0.1858	0.04186
rs8178824	0.113776	0.030685	0.1129	0.02664
rs116843064	0.218129	0.0423699	0.2633	0.03465
rs57915152	0.14479	0.0336186	0.1964	0.02741
rs438811	-0.0382429	0.0127793	-0.1061	0.01201
rs738409	0.0348979	0.0141367	0.03698	0.009077
