MarkerName	meta_OR	meta_SE	SOL_OR	SOL_SE
rs11208004	0.0907147	0.0112036	0.09698	0.01338
rs4631704	0.049186	0.0156359	0.03252	0.01336
rs676210	0.0878739	0.0138539	0.06243	0.01502
rs1260326	0.10518	0.0212529	0.1508	0.01366
rs78343493	0.0620741	0.0225345	NA	NA
5:55860907:ID	-0.0561082	0.0213957	NA	NA
rs9715911	-0.0402321	0.0156058	NA	NA
rs78117460	-0.0542937	0.0178407	NA	NA
rs6905288	-0.0373784	0.0103844	NA	NA
rs13247874	0.100657	0.0224686	0.1158	0.02048
rs34748838	0.0640601	0.01809	0.04832	0.01335
rs11780610	0.0393464	0.0102398	0.03886	0.01341
rs328	0.203214	0.0275759	NA	NA
8:26789596:ID	-0.472889	0.0855248	NA	NA
rs2954038	0.0526235	0.0192865	NA	NA
rs143113228	-113.59	78.886	NA	NA
rs185108792	-151.965	61.768	NA	NA
rs7084569	0.0619236	0.0130047	0.03297	0.01432
rs99780	-0.0292935	0.0126968	-0.07152	0.01397
rs1506488	-0.0178406	0.015407	-0.02146	0.01392
rs964184	0.206139	0.0317127	NA	NA
rs147233090	-0.232838	0.0361362	-0.1387	0.04027
rs12923459	-0.0154526	0.0111289	-0.04436	0.01259
rs12443634	0.0478519	0.0129123	NA	NA
16:89973842	-0.151265	0.0255512	NA	NA
rs77697917	-0.239154	0.0452656	NA	NA
rs8178824	0.113776	0.030685	0.1043	0.03643
rs116843064	0.218129	0.0423699	0.184	0.04838
rs57915152	0.14479	0.0336186	0.2304	0.02687
rs438811	-0.0382429	0.0127793	-0.09795	0.01641
rs738409	0.0348979	0.0141367	NA	NA
