MarkerName	meta_OR	meta_SE	WHIHA_OR	WHIHA_SE
rs11208004	0.0907147	0.0112036	0.06237	0.027
rs4631704	0.049186	0.0156359	0.04448	0.02453
rs676210	0.0878739	0.0138539	0.06608	0.0283
rs1260326	0.10518	0.0212529	0.133	0.02575
rs78343493	0.0620741	0.0225345	0.04418	0.04223
5:55860907:ID	-0.0561082	0.0213957	NA	NA
rs9715911	-0.0402321	0.0156058	-0.03352	0.02705
rs78117460	-0.0542937	0.0178407	NA	NA
rs6905288	-0.0373784	0.0103844	-0.06811	0.02428
rs13247874	0.100657	0.0224686	0.2217	0.04042
rs34748838	0.0640601	0.01809	0.1109	0.02522
rs11780610	0.0393464	0.0102398	0.03599	0.02483
rs328	0.203214	0.0275759	0.2154	0.04446
8:26789596:ID	-0.472889	0.0855248	NA	NA
rs2954038	0.0526235	0.0192865	0.05383	0.02926
rs143113228	-113.59	78.886	NA	NA
rs185108792	-151.965	61.768	0.6233	0.5275
rs7084569	0.0619236	0.0130047	0.02769	0.02685
rs99780	-0.0292935	0.0126968	-0.02622	0.02419
rs1506488	-0.0178406	0.015407	-0.08429	0.02551
rs964184	0.206139	0.0317127	0.2583	0.02764
rs147233090	-0.232838	0.0361362	-0.1512	0.07093
rs12923459	-0.0154526	0.0111289	-0.01581	0.02587
rs12443634	0.0478519	0.0129123	0.03724	0.03166
16:89973842	-0.151265	0.0255512	NA	NA
rs77697917	-0.239154	0.0452656	-0.2059	0.1623
rs8178824	0.113776	0.030685	0.09671	0.0928
rs116843064	0.218129	0.0423699	NA	NA
rs57915152	0.14479	0.0336186	0.3024	0.06126
rs438811	-0.0382429	0.0127793	-0.05448	0.04298
rs738409	0.0348979	0.0141367	0.06789	0.02482
